107 64
11 47
223 98
177 99
221 45
201 103
49 68
205 33
105 22
198 28
34 194
9 179
19 121
131 129
176 89
172 144
50 46
55 63
79 145
219 84
187 5
74 190
171 76
178 26
226 119
185 142
94 130
246 104
188 220
222 181
191 102
21 233
216 70
88 111
150 1
242 170
180 66
29 143
161 30
152 90
167 238
15 71
35 182
59 127
40 92
141 109
36 97
75 81
87 249
23 112
101 110
54 2
215 80
115 202
160 82
186 218
128 228
44 146
137 214
239 73
156 53
120 195
7 58
208 225
3 244
122 85
20 91
69 106
196 247
4 100
224 148
149 235
38 232
213 8
18 236
43 56
12 243
24 118
60 230
166 132
192 77
138 117
231 113
200 158
140 27
31 184
42 227
234 217
174 124
212 32
39 125
57 155
78 134
237 116
204 133
72 135
159 139
189 240
96 61
147 229
10 65
165 168
157 136
51 52
173 164
250 193
14 37
108 248
17 163
209 206
210 245
48 123
162 126
67 199
211 62
6 13
25 153
151 114
169 197
207 183
83 95
241 203
41 154
86 93
16 175
sum : 88.308000

1	150	100.0
2	54	89.0
3	244	96.0
4	100	78.0
5	187	100.0
6	13	61.3
7	58	77.3
8	213	88.5
9	179	95.5
10	65	80.4
11	47	100.0
12	243	100.0
13	6	55.6
14	37	69.9
15	71	92.0
16	175	10.4
17	163	70.0
18	236	96.0
19	121	100.0
20	91	100.0
21	233	79.0
22	105	100.0
23	112	94.5
24	118	92.5
25	153	60.0
26	178	100.0
27	140	92.0
28	198	100.0
29	143	93.8
30	161	100
31	184	89.4
32	212	75.0
33	205	100
34	194	95.0
35	182	100.0
36	97	86.0
37	14	66.7
38	232	92.0
39	125	82.5
40	92	94.5
41	154	32.0
42	227	84.0
43	56	82.0
44	146	91.0
45	221	100
46	50	100.0
47	11	100.0
48	123	100.0
49	68	93.0
50	46	100.0
51	52	88.1
52	51	88.1
53	156	89.0
54	2	88.5
55	63	100
56	43	85.5
57	155	82.5
58	7	91.6
59	127	100.0
60	230	75.3
61	96	72.0
62	211	57.5
63	55	100
64	107	100.0
65	10	75.9
66	180	100
67	199	75.0
68	49	95.0
69	106	87.5
70	216	100.0
71	15	93.0
72	135	100
73	239	97.0
74	190	99.0
75	81	100.0
76	171	100.0
77	192	73.5
78	134	61.5
79	145	100.0
80	215	100.0
81	75	99.0
82	160	97.5
83	95	46.4
84	219	95.0
85	122	95.0
86	93	45.7
87	249	85.3
88	111	100
89	176	100.0
90	152	88.5
91	20	100.0
92	40	90.5
93	86	37.5
94	130	100
95	83	50.2
96	61	73.0
97	36	78.0
98	223	100.0
99	177	100.0
100	4	100
101	110	100.0
102	191	94.0
103	201	100.0
104	246	97.0
105	22	100.0
106	69	90.0
107	64	100.0
108	248	78.1
109	141	100.0
110	101	100.0
111	88	100.0
112	23	87.5
113	231	100.0
114	151	81.5
115	202	100.0
116	237	90.2
117	138	69.5
118	24	83.0
119	226	100.0
120	195	92.5
121	19	100.0
122	85	70.0
123	48	100.0
124	174	82.5
125	39	85.3
126	162	78.0
127	59	100.0
128	228	100.0
129	131	100.0
130	94	100.0
131	129	100.0
132	166	100
133	204	86.0
134	78	78.0
135	72	99.0
136	157	83.9
137	214	90.5
138	117	92.0
139	159	87.0
140	27	76.0
141	109	100.0
142	185	92.0
143	29	90.1
144	172	100.0
145	79	100.0
146	44	82.9
147	229	74.5
148	224	96.0
149	235	100.0
150	1	100.0
151	114	82.5
152	90	93.7
153	25	65.5
154	41	67.4
155	57	85.3
156	53	90.5
157	136	82.5
158	200	95.0
159	139	86.5
160	82	87.5
161	30	100.0
162	126	57.5
163	17	80.6
164	173	100.0
165	168	78.5
166	132	100.0
167	238	89.5
168	165	93.0
169	197	77.2
170	242	90.0
171	76	100.0
172	144	100.0
173	164	100.0
174	124	82.5
175	16	35.5
176	89	100
177	99	100
178	26	100
179	9	92.0
180	66	100
181	222	95.5
182	35	100.0
183	207	79.0
184	31	80.1
185	142	87.5
186	218	82.5
187	5	100
188	220	100.0
189	240	91.1
190	74	100.0
191	102	93.0
192	77	76.4
193	250	78.2
194	34	93.5
195	120	98.0
196	247	100
197	169	54.9
198	28	100.0
199	67	75.0
200	158	84.0
201	103	100.0
202	115	100.0
203	241	50.6
204	133	80.4
205	33	100.0
206	209	100.0
207	183	86.0
208	225	86.5
209	206	74.0
210	245	96.4
211	62	68.0
212	32	83.7
213	8	79.0
214	137	83.5
215	80	100.0
216	70	100.0
217	234	86.5
218	186	85.3
219	84	88.5
220	188	100.0
221	45	100.0
222	181	98.0
223	98	99.0
224	148	88.5
225	208	80.0
226	119	100.0
227	42	92.5
228	128	100.0
229	147	79.7
230	60	76.7
231	113	100.0
232	38	87.5
233	21	100.0
234	217	87.5
235	149	99.0
236	18	89.0
237	116	74.0
238	167	90.0
239	73	87.5
240	189	80.3
241	203	62.2
242	170	86.5
243	12	100.0
244	3	89.1
245	210	77.0
246	104	95.5
247	196	100.0
248	108	69.2
249	87	92.7
250	193	66.9
